# vim:ft=dircolors
# AstroDark-inspired color scheme for lf
# Based on the default AstroNvim theme palette
#
# Truecolor format: 38;2;R;G;B (foreground)

# file types
fi 00                       # FILE (default text)
di 38;2;80;164;233          # DIR - ui blue
ln 38;2;74;194;184          # LINK - cyan
or 38;2;255;131;139         # ORPHAN - red
tw 38;2;80;164;233          # STICKY_OTHER_WRITABLE - blue
ow 38;2;80;164;233          # OTHER_WRITABLE - blue
st 38;2;80;164;233          # STICKY - blue
pi 38;2;223;171;37          # FIFO - yellow
so 38;2;221;151;241         # SOCK - purple
bd 38;2;223;171;37          # BLK - yellow
cd 38;2;223;171;37          # CHR - yellow
su 38;2;135;192;95          # SETUID - green
sg 38;2;135;192;95          # SETGID - green
ex 38;2;135;192;95          # EXEC - green

# archives - orange
*.tar 38;2;245;152;58
*.tgz 38;2;245;152;58
*.arc 38;2;245;152;58
*.arj 38;2;245;152;58
*.taz 38;2;245;152;58
*.lha 38;2;245;152;58
*.lz4 38;2;245;152;58
*.lzh 38;2;245;152;58
*.lzma 38;2;245;152;58
*.tlz 38;2;245;152;58
*.txz 38;2;245;152;58
*.tzo 38;2;245;152;58
*.t7z 38;2;245;152;58
*.zip 38;2;245;152;58
*.z 38;2;245;152;58
*.dz 38;2;245;152;58
*.gz 38;2;245;152;58
*.lrz 38;2;245;152;58
*.lz 38;2;245;152;58
*.lzo 38;2;245;152;58
*.xz 38;2;245;152;58
*.zst 38;2;245;152;58
*.tzst 38;2;245;152;58
*.bz2 38;2;245;152;58
*.bz 38;2;245;152;58
*.tbz 38;2;245;152;58
*.tbz2 38;2;245;152;58
*.tz 38;2;245;152;58
*.deb 38;2;245;152;58
*.rpm 38;2;245;152;58
*.jar 38;2;245;152;58
*.war 38;2;245;152;58
*.ear 38;2;245;152;58
*.sar 38;2;245;152;58
*.rar 38;2;245;152;58
*.alz 38;2;245;152;58
*.ace 38;2;245;152;58
*.zoo 38;2;245;152;58
*.cpio 38;2;245;152;58
*.7z 38;2;245;152;58
*.rz 38;2;245;152;58
*.cab 38;2;245;152;58

# images and video - purple
*.jpg 38;2;221;151;241
*.jpeg 38;2;221;151;241
*.mjpg 38;2;221;151;241
*.mjpeg 38;2;221;151;241
*.gif 38;2;221;151;241
*.bmp 38;2;221;151;241
*.pbm 38;2;221;151;241
*.pgm 38;2;221;151;241
*.ppm 38;2;221;151;241
*.tga 38;2;221;151;241
*.xbm 38;2;221;151;241
*.xpm 38;2;221;151;241
*.tif 38;2;221;151;241
*.tiff 38;2;221;151;241
*.png 38;2;221;151;241
*.svg 38;2;221;151;241
*.svgz 38;2;221;151;241
*.mng 38;2;221;151;241
*.pcx 38;2;221;151;241
*.webp 38;2;221;151;241
*.mov 38;2;221;151;241
*.mpg 38;2;221;151;241
*.mpeg 38;2;221;151;241
*.m2v 38;2;221;151;241
*.mkv 38;2;221;151;241
*.webm 38;2;221;151;241
*.ogm 38;2;221;151;241
*.mp4 38;2;221;151;241
*.m4v 38;2;221;151;241
*.mp4v 38;2;221;151;241
*.vob 38;2;221;151;241
*.qt 38;2;221;151;241
*.nuv 38;2;221;151;241
*.wmv 38;2;221;151;241
*.asf 38;2;221;151;241
*.rm 38;2;221;151;241
*.rmvb 38;2;221;151;241
*.flc 38;2;221;151;241
*.avi 38;2;221;151;241
*.fli 38;2;221;151;241
*.flv 38;2;221;151;241
*.gl 38;2;221;151;241
*.dl 38;2;221;151;241
*.xcf 38;2;221;151;241
*.xwd 38;2;221;151;241

# audio - cyan
*.aac 38;2;74;194;184
*.au 38;2;74;194;184
*.flac 38;2;74;194;184
*.m4a 38;2;74;194;184
*.mid 38;2;74;194;184
*.midi 38;2;74;194;184
*.mka 38;2;74;194;184
*.mp3 38;2;74;194;184
*.mpc 38;2;74;194;184
*.ogg 38;2;74;194;184
*.ra 38;2;74;194;184
*.wav 38;2;74;194;184
*.oga 38;2;74;194;184
*.opus 38;2;74;194;184
*.spx 38;2;74;194;184
*.xspf 38;2;74;194;184

# documents - yellow
*.pdf 38;2;223;171;37
*.doc 38;2;223;171;37
*.docx 38;2;223;171;37
*.odt 38;2;223;171;37
*.xls 38;2;223;171;37
*.xlsx 38;2;223;171;37
*.csv 38;2;223;171;37
*.epub 38;2;223;171;37
